   1.0000000000011593     
   1.0000000000004046     
  0.99999999999690381     
  0.99999999999477340     
   1.0000000000039497     
   1.0000000000215334     
   1.0000000000132112     
  0.99999999994809086     
  0.99999999989470767     
   1.0000000000288294     
   1.0000000003589400     
   1.0000000003750202     
  0.99999999941424667     
  0.99999999811067064     
  0.99999999917410520     
   1.0000000043530495     
   1.0000000084124070     
  0.99999999950691820     
  0.99999997569391419     
  0.99999996600699792     
   1.0000000163597389     
   1.0000001166189711     
   1.0000001342659166     
  0.99999989993922644     
  0.99999949026821489     
  0.99999943595031715     
   1.0000003691249428     
   1.0000020197130519     
   1.0000024780367298     
  0.99999922477628689     
  0.99999227726658357     
  0.99998708869820507     
  0.99999237894323023     
   1.0000102534123978     
   1.0000257529896293     
  0.99999719742974191     
  0.99984100575611090     
  0.99941007004539795     
  0.99844542245379531     
  0.99647371772220028     
  0.99270269893223884     
  0.98641021938635365     
  0.97754014602077877     
  0.96656456333100638     
  0.95408668761846993     
  0.94063553030626723     
  0.92660239712652315     
  0.91224901840294870     
  0.89774182304516348     
  0.88318588117436936     
  0.86864888655082351     
  0.85417539702584444     
  0.83979467875388225     
  0.82552520032447485     
  0.81137766065655148     
  0.79735745668396030     
  0.78346685464792820     
  0.76970678413627180     
  0.75607812334069446     
  0.74258253991359935     
  0.72922314689116652     
  0.71600519751828162     
  0.70293677579783087     
  0.69002936815381921     
  0.67729793475918998     
  0.66475983631895808     
  0.65243164810242471     
  0.64032349506203756     
  0.62843825164731448     
  0.61679501352720967     
  0.60551587479756486     
  0.59498169343688301     
  0.58611508711081073     
  0.58031930125020814     
  0.57798997052767342     
  0.57794479645588082     
  0.57928154707692792     
  0.58133528254764388     
  0.58334478381750843     
  0.58443157898718545     
  0.58396475209416787     
  0.58223818088302171     
  0.58001772424724041     
  0.57799023827884033     
  0.57681609518152066     
  0.57676523946230507     
  0.57743448129885366     
  0.57844903386380608     
  0.57948661670001067     
  0.58028739481183489     
  0.58073296751887282     
  0.58087341909052370     
  0.58079858344661028     
  0.58053183178073486     
  0.58007432659073288     
  0.57952546922874992     
  0.57910702893162735     
  0.57904125013241370     
  0.57945370934457041     
  0.58018249596492588     
  0.58087583501420759     
  0.58115799720127481     
  0.58077521672068966     
  0.57994516041818112     
  0.57901604028218734     
  0.57836996173054056     
  0.57813596492042929     
  0.57799321679778604     
  0.57765295547843909     
  0.57665139820663913     
  0.57373511004095146     
  0.56590907371275334     
  0.54706421894477397     
  0.50918962811902713     
  0.45630107331588154     
  0.40185705692972912     
  0.36035719914618508     
  0.33941654013650518     
  0.33133170483890700     
  0.32912659538509847     
  0.33019941699234961     
  0.33310667332395760     
  0.33692495186769200     
  0.34066354716448760     
  0.34284372423550630     
  0.34322223152575587     
  0.34284040362978307     
  0.34199780590156731     
  0.34103268383849478     
  0.34019583337979703     
  0.33948888051889214     
  0.33886149445991132     
  0.33836385588148515     
  0.33813202030236206     
  0.33828250272402782     
  0.33881173534181014     
  0.33951993680046694     
  0.34011390000816610     
  0.34037058192838299     
  0.34036176599983853     
  0.34021595345311800     
  0.33994420954451032     
  0.33942798780373318     
  0.33822237013466239     
  0.33386541022324107     
  0.31084143859451241     
  0.21828142789611499     
  0.14231853739905756     
  0.12751559143064203     
  0.12527948892788887     
  0.12501308008624937     
  0.12499282593359733     
  0.12500254264273636     
  0.12500128709402120     
  0.12499974871523814     
  0.12499988608048497     
  0.12500004247594362     
  0.12500001435352012     
  0.12499999338982459     
  0.12499999851442785     
  0.12500000107515674     
  0.12500000011268442     
  0.12499999983920246     
  0.12499999999999947     
  0.12500000002222120     
  0.12499999999784414     
  0.12499999999716273     
  0.12500000000056796     
  0.12500000000033346     
  0.12499999999989060     
  0.12499999999996490     
  0.12500000000001832     
  0.12500000000000297     
  0.12499999999999710     
  0.12499999999999978     
  0.12500000000000044     
  0.12499999999999999     
  0.12499999999999994     
  0.12500000000000000     
  0.12500000000000000     
  0.12500000000000000     
  0.12500000000000000     
  0.12500000000000000     
  0.12500000000000000     
  0.12500000000000000     
  0.12500000000000000     
  0.12500000000000000     
  0.12500000000000000     
  0.12500000000000000     
  0.12500000000000000     
  0.12500000000000000     
  0.12500000000000000     
  0.12500000000000000     
  0.12500000000000000     
  0.12500000000000000     
  0.12500000000000000     
  0.12500000000000000     
  0.12500000000000000     
  0.12500000000000000     
  0.12500000000000000     
