  0.74999999999949740     
  0.74999999999982447     
  0.75000000000133971     
  0.75000000000226086     
  0.74999999999828570     
  0.74999999999066980     
  0.74999999999427613     
  0.75000000002248712     
  0.75000000004561262     
  0.74999999998750955     
  0.74999999984450305     
  0.74999999983753796     
  0.75000000025375924     
  0.75000000081848783     
  0.75000000035779091     
  0.74999999811418916     
  0.74999999635561565     
  0.75000000021361246     
  0.75000001052974197     
  0.75000001472641165     
  0.74999999291279340     
  0.74999994947759985     
  0.74999994183653451     
  0.75000004334996728     
  0.75000022079913831     
  0.75000024439836244     
  0.74999984017908772     
  0.74999912437380112     
  0.74999892707607385     
  0.75000033986787240     
  0.75000332971495509     
  0.75000559473302242     
  0.75000339070629585     
  0.74999510132346592     
  0.74998827925738654     
  0.75000195536078629     
  0.75007094778641259     
  0.75025798782351505     
  0.75067306450165194     
  0.75151753462562798     
  0.75312257624881207     
  0.75575714385095127     
  0.75937191194939813     
  0.76368545171681379     
  0.76837564660635504     
  0.77317491983924214     
  0.77789461642941149     
  0.78241477433298923     
  0.78666356485226230     
  0.79059923711246582     
  0.79419811789171435     
  0.79744759532446308     
  0.80034207092619924     
  0.80288044546260584     
  0.80506442181466331     
  0.80689733146121212     
  0.80838335551223528     
  0.80952705613833353     
  0.81033313634271564     
  0.81080637268389610     
  0.81095168797098771     
  0.81077437863332125     
  0.81028042806936307     
  0.80947696015520754     
  0.80837262766928175     
  0.80697792769504861     
  0.80530503171744239     
  0.80336615358881880     
  0.80117437100886446     
  0.79874515662819112     
  0.79612345569117238     
  0.79340890348609250     
  0.79096524274577540     
  0.78933647744044555     
  0.78860871209486338     
  0.78852450879263047     
  0.78890323423235931     
  0.78954730323585087     
  0.79019749797408678     
  0.79055480043274928     
  0.79041279496363237     
  0.78984004509376771     
  0.78910201240888311     
  0.78845271518080673     
  0.78813481915333983     
  0.78822913140724959     
  0.78852692983135608     
  0.78883967850651249     
  0.78903408696937527     
  0.78908655474940348     
  0.78909763056363813     
  0.78920329108723775     
  0.78942354984269114     
  0.78958556705630001     
  0.78950345559791213     
  0.78911923081903645     
  0.78864511557510975     
  0.78837179539280200     
  0.78854422439845828     
  0.78910504262744574     
  0.78967391268133080     
  0.78985822257452487     
  0.78939881129095091     
  0.78857925298911724     
  0.78775586911824269     
  0.78733193644513866     
  0.78721985209239842     
  0.78702757603092011     
  0.78641479131993819     
  0.78472776325724403     
  0.78038594216701485     
  0.76978419586932345     
  0.74465359165748324     
  0.69330756612239974     
  0.62124369456609596     
  0.54679519068197591     
  0.49043873104911950     
  0.46251981642803747     
  0.45098183426177141     
  0.44735254716802053     
  0.44881058652814976     
  0.45308807940561474     
  0.45874587972412789     
  0.46425457233640732     
  0.46696690281275649     
  0.46705658941203465     
  0.46618301941414630     
  0.46484751782524225     
  0.46371778983558476     
  0.46303985558909727     
  0.46246364111359872     
  0.46172125715202994     
  0.46074588555628776     
  0.46001922603898049     
  0.45997629289573244     
  0.46083721387283061     
  0.46213291748596763     
  0.46319247396507279     
  0.46346697993224473     
  0.46325720244958590     
  0.46285737520078291     
  0.46230755703650983     
  0.46131521248846546     
  0.45865392041124070     
  0.44722323192457381     
  0.38407123098914697     
  0.16469978117770939     
   2.4091536446150794E-002
   3.1448980921941990E-003
   3.3714885409731631E-004
   1.9355726365564651E-005
  -7.3746575703732492E-006
   1.9276558820884616E-006
   1.3808343910087639E-006
  -1.7751247528120471E-007
  -1.4731114402742090E-007
   4.3805817755563566E-008
   1.7491917068270735E-008
  -7.4647722710246485E-009
  -1.6337567014458281E-009
   1.1851640620658527E-009
   1.1303171579483057E-010
  -1.7218197281124112E-010
   8.8151565757128954E-013
   2.3467704930218657E-011
  -2.3339507897734209E-012
  -2.9876813452132843E-012
   6.0193246061163516E-013
   3.5187366719520094E-013
  -1.1557780436209545E-013
  -3.7177025434560241E-014
   1.9350306580205356E-014
   3.2717801155848611E-015
  -2.8880668311510650E-015
  -7.1637829490936003E-017
   4.6565920606364364E-016
  -6.1270330625022468E-018
  -4.2798199386814047E-017
   7.5126525177092935E-018
   3.6661333896183088E-018
   0.0000000000000000     
   0.0000000000000000     
   0.0000000000000000     
   0.0000000000000000     
   0.0000000000000000     
   0.0000000000000000     
   0.0000000000000000     
   0.0000000000000000     
   0.0000000000000000     
   0.0000000000000000     
   0.0000000000000000     
   0.0000000000000000     
   0.0000000000000000     
   0.0000000000000000     
   0.0000000000000000     
   0.0000000000000000     
   0.0000000000000000     
   0.0000000000000000     
   0.0000000000000000     
   0.0000000000000000     
