   2.7812500000033484     
   2.7812500000011657     
   2.7812499999910392     
   2.7812499999848765     
   2.7812500000114344     
   2.7812500000623190     
   2.7812500000382356     
   2.7812499998497886     
   2.7812499996953068     
   2.7812500000834368     
   2.7812500010387229     
   2.7812500010852514     
   2.7812499983049297     
   2.7812499945325926     
   2.7812499976099967     
   2.7812500125970208     
   2.7812500243441329     
   2.7812499985731058     
   2.7812499296622049     
   2.7812499016295513     
   2.7812500473423425     
   2.7812503374785607     
   2.7812503885395659     
   2.7812497104308949     
   2.7812485249773289     
   2.7812483676487396     
   2.7812510679812936     
   2.7812558463956316     
   2.7812571694311399     
   2.7812477453294751     
   2.7812276907083548     
   2.7812126249026163     
   2.7812278655430642     
   2.7812814259254655     
   2.7813283249683334     
   2.7812399263077285     
   2.7807798748196277     
   2.7795266467157078     
   2.7767371979795450     
   2.7710470327088066     
   2.7601759226529929     
   2.7420797710472407     
   2.7166866391120799     
   2.6854547158903372     
   2.6501974350072648     
   2.6124844257657998     
   2.5734628667908530     
   2.5338895419565435     
   2.4942370572178483     
   2.4547962597021278     
   2.4157477925555710     
   2.3772044799626064     
   2.3392347930731758     
   2.3018763783118255     
   2.2651451289612865     
   2.2290424281762560     
   2.1935613279963220     
   2.1586914665586607     
   2.1244224235538636     
   2.0907457792302981     
   2.0576566215555490     
   2.0251551542243589     
   1.9932482394935622     
   1.9619506381982132     
   1.9312848855064226     
   1.9012785514888790     
   1.8719566627519360     
   1.8433283143900208     
   1.8153867925875433     
   1.7881574061884375     
   1.7619190900231261     
   1.7375372075777955     
   1.7170963390786356     
   1.7036545969222274     
   1.6983132237735554     
   1.6983387660906502     
   1.7014502040280157     
   1.7061353240776236     
   1.7106814077104824     
   1.7131333142538507     
   1.7120677771952846     
   1.7081713393928188     
   1.7031678380771127     
   1.6985379179523501     
   1.6957997239027716     
   1.6955332751613219     
   1.6969401719001076     
   1.6992635503532330     
   1.7018059683961089     
   1.7039036101543688     
   1.7051078049914761     
   1.7053613713297451     
   1.7048749876720570     
   1.7038984982111771     
   1.7027663611529897     
   1.7018051819677289     
   1.7013199323601715     
   1.7015307866557889     
   1.7024006028669989     
   1.7036008373781737     
   1.7046941267220523     
   1.7051739931592840     
   1.7047277905504084     
   1.7035998170271145     
   1.7021726727543278     
   1.7010789202072849     
   1.7005824581643414     
   1.7003828570623745     
   1.7002015816648033     
   1.6996323446805248     
   1.6973862547726342     
   1.6901050670023336     
   1.6720331976338856     
   1.6370039871556568     
   1.5880534256743213     
   1.5362657188448117     
   1.4989620482253556     
   1.4826535294205629     
   1.4728817416724040     
   1.4676664872676968     
   1.4685700799241366     
   1.4727596399306275     
   1.4784741072955223     
   1.4841923843904461     
   1.4853230664317132     
   1.4836295381048858     
   1.4813393458871222     
   1.4796368202329335     
   1.4797235357379233     
   1.4810498077961713     
   1.4823560370035420     
   1.4824144386826734     
   1.4805074155367479     
   1.4783568497250388     
   1.4773773478626304     
   1.4785314683770312     
   1.4807056046114933     
   1.4823431218788137     
   1.4821316135060609     
   1.4810699053874030     
   1.4799479156570723     
   1.4788744667262681     
   1.4770601271551249     
   1.4710004555258509     
   1.4402046234944430     
   1.2645712446423067     
  0.67582657265192470     
  0.31222731932891928     
  0.25825568074281513     
  0.25095914613748732     
  0.25005699319937763     
  0.24998550758250407     
  0.25000205705677098     
  0.25000389392990086     
  0.24999952124047115     
  0.24999959754252910     
  0.25000011878283884     
  0.25000004595536668     
  0.24999998021023326     
  0.24999999569634146     
  0.25000000313241572     
  0.25000000029915859     
  0.24999999954453131     
  0.25000000000230860     
  0.25000000006209283     
  0.24999999999382536     
  0.24999999999209546     
  0.25000000000159267     
  0.25000000000093109     
  0.24999999999969436     
  0.24999999999990180     
  0.25000000000005146     
  0.25000000000000916     
  0.24999999999999262     
  0.24999999999999978     
  0.25000000000000139     
  0.25000000000000011     
  0.25000000000000000     
  0.25000000000000006     
  0.25000000000000006     
  0.25000000000000006     
  0.25000000000000006     
  0.25000000000000006     
  0.25000000000000006     
  0.25000000000000006     
  0.25000000000000006     
  0.25000000000000006     
  0.25000000000000006     
  0.25000000000000006     
  0.25000000000000006     
  0.25000000000000006     
  0.25000000000000006     
  0.25000000000000006     
  0.25000000000000006     
  0.25000000000000006     
  0.25000000000000006     
  0.25000000000000006     
  0.25000000000000006     
  0.25000000000000006     
  0.25000000000000006     
